$ANSIBLE_VAULT;1.1;AES256
37326332613561393134333332346438623266306166353033333165363137643434663261613632
3432363764373838316332636633343531366236396239610a646337636335373332336364333062
30653331303263343639653830336533623039343563346132343837323531353461643037363331
3463323038333562610a626533353438383938393964653131623964656632326365633262633064
66633631393335306530373539353231343130663865303166303336393839323531636461333031
64336130313937353934383235386532393333666230323331373138333837633935376665396434
31343332346565663365303162363965636530333561353237343466353234326535633031386433
61373064346663346538646631643439303738323964303862636461346166653338613535303965
35343735303133386433333663633831373631626665656330646535613731323234306533376665
66373333616137643364636531336165626162353432653864393935386662626333373238363166
62376237363865633633346231383132623735373037383866386132323931626532666635626362
36356632643761303632316137316531623564303035336230343430663261626663333965313563
35643539626134663232376236363135393931383062613630333037316337663938326536353539
31626538373366333132656263323931356338636664386530373761626237643035383764386631
30623938313166623931323734666533613231653438636166376133326462636630383734313939
31373662643766333565393462386134616338303766613865323536323331313765626231323966
30313037653334653837333966346164346130363039356466316166353836346137643537666366
62643737653836396435613236306132383430666161666166653733626636626464646232613238
61663037326466336166343435636239646264633235656138333731313464346538333661623135
39633063636263623739383335306336363533336234656364346533303034393361303565323734
66333031396531343637326539393164643263646564353362616632313836653331313134303433
35663066663537343061366264336236353739336265656433623466613038373263393961306536
64663564323366376431363237396433356630376238336263373434336633393835326262306336
36623335353037363063316639376361643031626430393865356638343836323065653132366365
3138
